200
0 55
0 146
1 11
2 113
2 142
3 30
3 34
4 22
4 54
5 60
5 87
5 147
8 131
9 14
10 164
10 181
11 14
11 84
11 115
12 121
12 132
14 181
15 181
16 171
16 175
19 126
19 147
20 111
20 156
20 173
22 23
22 134
22 138
22 177
23 36
24 51
25 94
25 99
25 191
25 193
26 33
26 38
26 171
26 177
27 77
27 155
30 110
30 162
31 165
32 96
33 73
33 84
33 95
33 105
34 134
34 192
35 110
35 198
36 112
36 197
37 106
37 162
37 184
39 87
39 197
40 99
41 83
41 89
41 140
42 52
42 136
43 53
43 113
43 124
43 183
43 188
43 198
44 66
44 175
45 128
46 85
47 55
49 98
52 81
53 57
54 69
54 90
54 92
54 134
54 138
54 177
55 82
55 107
55 119
56 72
56 95
58 63
58 121
59 69
59 112
59 124
61 80
62 139
62 155
62 163
64 91
64 173
65 131
67 138
68 73
69 177
71 149
71 170
72 164
72 196
73 110
73 137
73 158
73 164
74 178
75 170
76 179
77 160
79 119
79 125
80 149
80 181
80 188
81 115
81 147
81 163
82 91
82 117
82 138
85 143
86 114
87 95
88 146
88 164
89 95
90 96
91 180
91 196
92 142
94 113
94 187
95 166
95 174
96 187
98 160
98 187
99 105
101 194
104 150
106 132
107 110
107 119
107 173
107 175
108 131
108 140
109 118
109 182
110 114
111 158
112 198
113 154
113 171
118 161
118 192
121 170
126 188
128 147
132 147
134 144
135 136
135 179
138 174
139 182
140 189
140 199
141 185
143 198
144 176
147 193
150 153
150 154
150 175
151 168
152 163
154 167
156 161
156 195
163 193
166 170
167 185
175 176
180 199
184 188
187 193
