300
0 65
0 71
0 80
0 103
0 123
0 160
0 165
0 272
1 18
1 23
1 48
1 75
1 96
1 113
1 121
1 157
1 205
1 230
1 298
2 15
2 56
2 57
2 101
2 174
2 255
2 256
2 257
2 268
3 6
3 73
3 102
3 117
3 140
3 156
3 207
3 245
4 5
4 27
4 110
4 117
4 161
4 176
4 194
4 271
5 105
5 257
5 273
5 282
6 14
6 123
6 177
6 222
6 237
6 241
6 244
6 267
6 269
6 273
6 274
6 299
7 132
7 137
7 170
7 178
7 255
7 268
7 279
7 281
8 71
8 112
8 199
8 207
9 61
9 147
9 184
9 221
9 232
9 240
9 293
10 76
10 85
10 90
10 98
10 138
10 151
10 167
10 207
10 210
10 212
10 273
11 48
11 172
11 195
11 257
11 280
11 290
12 105
12 174
12 183
12 205
12 286
13 18
13 61
13 76
13 113
13 195
13 223
13 226
13 238
13 253
14 83
14 86
14 194
14 211
14 277
15 39
15 43
15 51
15 175
15 189
15 206
16 62
16 97
16 129
16 138
16 171
16 217
16 235
16 259
16 260
16 278
16 297
17 101
17 143
17 151
17 172
17 176
17 178
17 185
17 251
17 257
17 278
18 20
18 50
18 67
18 115
18 119
18 174
18 189
18 240
18 291
19 33
19 41
19 117
19 217
19 243
19 245
19 257
19 281
20 90
20 154
20 170
20 172
20 180
20 190
20 232
20 297
21 39
21 55
21 56
21 99
21 105
21 106
21 107
21 108
21 211
21 237
22 56
22 57
22 64
22 120
22 127
22 185
22 248
22 273
22 292
23 34
23 56
23 122
23 132
23 212
23 222
23 226
23 267
24 120
24 139
24 189
24 204
24 295
25 55
25 82
25 95
25 119
25 123
25 183
25 209
25 235
25 241
26 39
26 119
26 122
26 160
26 186
26 222
26 226
26 273
27 90
27 110
27 124
27 160
27 163
27 205
27 235
27 251
27 297
28 48
28 62
28 80
28 135
28 161
28 172
28 176
28 212
28 216
28 238
28 288
29 47
29 175
29 221
29 249
30 52
30 117
30 145
30 149
31 32
31 86
31 95
31 129
31 206
31 229
31 263
32 42
32 58
32 123
32 166
32 177
32 244
32 252
32 286
32 299
33 43
33 53
33 120
33 134
33 168
33 212
33 218
33 284
34 61
34 82
34 94
34 126
34 188
34 216
34 227
34 238
35 41
35 69
35 117
35 138
35 150
35 160
35 234
36 95
36 108
36 142
36 157
36 172
36 239
37 38
37 71
37 111
37 124
37 242
37 254
37 290
37 292
38 82
38 136
38 146
38 147
38 177
38 210
38 263
39 125
39 146
39 259
39 275
40 62
40 64
40 99
40 101
40 148
40 152
40 201
40 249
40 262
41 51
41 152
41 166
41 191
41 193
41 238
42 221
42 232
42 243
43 102
43 121
43 148
43 179
43 188
43 190
43 292
43 294
44 90
44 97
44 111
44 223
44 260
44 295
45 190
45 199
45 280
46 47
46 65
46 117
46 154
46 267
47 137
47 149
47 193
47 293
48 187
48 216
48 236
49 74
49 79
49 287
50 60
50 90
50 237
50 240
51 101
51 105
51 108
51 146
51 218
51 254
52 89
52 102
52 170
52 177
52 298
53 75
53 83
53 94
53 107
53 172
53 198
53 269
53 276
53 281
54 187
54 192
54 221
54 251
54 284
54 286
55 66
55 150
55 161
55 165
55 189
55 194
55 208
55 272
56 68
56 98
56 182
56 186
56 200
56 211
56 215
56 244
56 281
57 117
57 191
57 231
57 236
57 241
58 76
58 129
58 177
58 202
58 219
58 239
58 242
58 253
59 82
59 85
59 98
59 143
59 239
59 253
59 277
59 294
60 124
60 187
60 199
60 213
60 243
60 244
61 82
61 85
61 98
61 131
61 148
61 159
61 189
61 190
61 203
61 289
61 298
62 143
62 167
62 271
63 167
63 181
63 192
63 208
63 257
63 276
63 282
64 137
64 199
64 206
64 223
65 112
65 139
65 225
65 256
65 287
65 298
66 134
66 184
66 198
66 208
66 243
66 255
66 260
66 279
66 290
67 143
67 168
67 271
68 169
68 234
68 261
68 262
68 267
68 272
68 283
69 73
69 141
69 226
69 247
70 84
70 116
70 120
70 132
70 207
71 109
71 141
71 154
71 192
71 213
71 249
72 83
72 89
72 103
72 118
72 129
72 179
72 276
73 96
73 98
73 117
73 120
73 147
73 150
73 151
73 152
73 173
73 198
73 199
73 235
73 247
73 266
73 282
74 95
74 117
74 222
74 228
75 98
75 101
75 133
75 203
75 216
75 276
75 294
76 163
76 204
76 280
77 78
77 86
77 93
77 195
77 220
77 230
77 250
78 178
78 228
79 125
79 127
79 131
79 136
79 145
79 148
79 151
79 166
79 219
79 257
79 297
80 111
80 138
80 140
80 196
80 243
80 253
80 257
81 120
81 259
81 276
82 143
82 168
82 252
82 263
83 96
83 168
83 169
83 185
83 190
83 251
83 260
83 276
83 298
84 96
84 133
84 253
84 277
85 137
85 156
85 164
85 241
85 261
85 284
86 101
86 223
87 126
87 139
87 155
87 187
87 221
87 222
87 226
87 256
87 277
88 92
88 117
88 145
88 175
88 178
88 188
88 264
89 152
89 189
89 238
90 158
90 161
90 215
90 218
90 282
91 155
91 257
91 272
91 276
91 286
92 97
92 174
92 204
92 252
92 269
92 283
93 97
93 142
93 164
93 179
93 201
93 246
93 270
93 292
94 100
94 112
94 138
94 139
94 196
94 242
94 262
94 278
94 285
95 108
95 128
96 178
96 194
96 208
96 215
96 261
97 100
97 101
97 141
97 163
97 203
97 228
97 272
97 296
97 299
98 122
98 259
98 265
99 151
99 229
99 298
100 110
100 117
100 131
100 159
100 160
100 172
100 253
100 273
101 163
101 255
102 181
102 197
102 199
102 256
103 134
103 170
103 200
103 249
103 297
104 165
104 224
105 109
105 197
105 240
105 267
106 144
106 234
107 108
107 164
107 245
107 293
108 112
108 156
108 197
108 200
108 207
108 232
108 243
108 250
108 275
109 143
110 111
110 162
110 168
110 249
110 292
111 127
111 161
111 186
111 204
111 252
111 256
111 257
111 261
111 293
112 147
112 170
112 213
112 216
112 250
112 269
113 125
113 240
113 249
113 250
114 124
114 161
114 188
114 217
114 261
114 266
115 127
115 145
115 150
115 260
115 293
116 121
116 122
116 157
116 166
116 194
116 235
116 269
117 149
117 192
117 263
117 267
118 174
118 235
118 236
119 142
119 167
119 266
120 128
120 141
120 150
120 190
120 196
120 220
120 226
120 271
120 286
121 159
121 175
121 178
121 259
121 286
122 260
122 268
122 283
122 299
123 131
123 140
123 202
123 210
123 273
123 296
124 136
124 241
124 252
124 259
124 288
125 135
125 146
125 177
125 230
125 261
125 277
126 157
126 171
126 201
126 221
126 228
126 268
127 147
127 163
127 201
127 291
128 172
128 211
129 216
129 288
130 198
130 210
130 253
130 283
130 284
131 136
131 243
131 277
131 284
132 133
132 158
132 181
132 195
132 231
132 253
132 266
132 283
133 181
133 197
133 200
133 244
134 162
134 210
134 254
134 283
134 292
135 147
135 188
135 231
135 297
136 138
136 244
136 283
136 292
136 299
137 146
137 212
137 224
137 245
138 236
138 283
139 144
139 172
139 247
140 153
140 194
140 209
140 217
140 243
140 286
140 288
141 152
141 176
141 177
141 231
141 270
142 200
142 221
142 239
142 268
142 269
143 144
143 174
143 210
143 243
143 298
144 163
144 235
144 272
145 206
145 209
145 292
146 178
146 202
146 216
146 217
147 204
148 194
148 248
149 208
149 237
150 153
150 163
150 200
150 207
150 249
150 253
151 237
151 240
151 253
151 287
152 171
152 210
152 238
153 185
153 209
153 213
154 232
154 238
154 270
154 291
154 294
155 185
155 208
155 228
155 231
155 232
156 184
156 220
157 158
157 183
157 219
157 266
157 282
158 162
158 180
158 189
158 249
158 252
158 256
158 265
158 270
159 189
159 242
159 281
160 178
160 231
160 247
160 250
160 256
160 292
160 294
161 204
161 296
162 169
162 197
162 210
162 213
162 250
162 279
163 165
164 188
164 290
165 268
165 269
166 215
166 225
166 242
166 258
166 277
167 271
167 287
168 210
168 231
168 259
169 179
169 221
169 269
170 292
171 179
171 212
171 240
172 236
172 243
173 183
173 225
173 260
173 262
173 274
174 225
174 227
174 250
174 253
175 185
175 215
175 246
175 284
176 214
176 245
177 189
177 193
177 221
177 266
177 275
177 276
177 292
178 220
178 266
179 236
179 248
179 272
180 203
180 211
181 199
181 242
181 264
181 281
182 220
182 224
182 238
182 245
182 283
183 196
183 197
183 206
183 238
183 248
183 276
183 278
184 195
184 295
185 272
186 191
186 242
186 278
186 280
186 287
187 203
187 232
187 262
188 219
188 221
188 226
188 255
188 261
189 192
189 193
189 207
189 278
190 200
190 234
190 280
190 289
191 232
191 243
191 277
192 298
193 198
193 251
193 257
193 279
194 259
195 252
196 222
197 201
197 223
197 232
197 256
197 264
197 282
197 287
198 234
198 269
198 284
199 201
199 229
199 257
199 288
199 296
200 250
200 262
200 279
201 247
201 270
201 281
202 205
202 224
202 239
202 262
203 226
203 248
204 267
204 271
205 220
205 262
205 267
205 280
205 293
205 296
206 236
207 221
207 258
207 280
207 294
208 240
208 243
208 272
210 211
210 261
212 228
213 229
213 235
213 294
214 242
214 258
215 226
217 254
217 264
217 277
217 281
218 248
218 299
219 257
220 267
220 273
221 236
223 265
224 231
225 241
225 248
225 251
225 259
226 230
226 249
226 261
226 271
227 236
227 255
227 267
227 280
229 289
230 232
230 297
231 240
231 250
233 253
233 278
235 243
235 253
236 245
236 251
237 272
237 284
240 290
240 299
241 260
243 263
243 282
243 294
244 258
246 281
247 263
247 291
248 256
249 274
249 290
251 299
253 254
253 255
253 297
254 271
254 293
255 259
256 269
256 273
257 276
259 297
260 278
260 279
260 287
260 296
261 274
265 292
266 275
266 281
268 272
269 285
270 279
270 281
271 272
271 291
272 295
272 297
274 298
277 279
278 288
292 295
