200
0 2
0 13
0 28
0 46
0 55
0 57
0 58
0 59
0 63
0 71
0 100
0 126
0 133
0 143
0 180
0 190
0 196
1 5
1 39
1 90
1 101
1 138
1 148
2 9
2 15
2 19
2 44
2 85
2 101
2 121
2 128
2 129
2 134
2 183
3 25
3 36
3 41
3 132
3 195
4 37
4 49
4 51
4 68
4 69
4 71
4 83
4 92
4 107
4 131
4 148
4 159
5 55
5 77
5 88
5 156
6 17
6 18
6 40
6 63
6 99
6 120
6 147
6 148
6 150
6 151
6 171
7 8
7 30
7 86
7 102
7 114
7 117
7 147
7 160
7 169
7 174
7 187
8 10
8 13
8 30
8 58
8 99
8 116
8 125
8 141
8 146
9 72
9 73
9 103
9 147
9 151
9 175
10 11
10 60
10 90
10 130
10 136
10 145
10 159
11 27
11 34
11 38
11 56
11 84
11 91
11 100
11 103
11 112
11 137
11 173
11 177
11 178
11 183
11 190
12 20
12 24
12 39
12 54
12 58
12 106
12 143
12 147
12 174
12 187
13 42
13 58
13 64
13 120
13 147
13 158
13 197
14 15
14 26
14 36
14 39
14 47
14 93
14 95
14 106
14 115
14 147
14 159
14 165
14 177
14 181
14 191
14 195
15 31
15 44
15 53
15 58
15 150
15 167
15 179
15 198
16 38
16 42
16 49
16 76
16 137
16 172
16 175
16 181
17 18
17 74
17 122
17 132
17 152
17 189
18 24
18 58
18 66
18 79
18 86
18 128
18 141
18 183
19 25
19 60
19 72
19 126
19 129
19 134
20 23
20 31
20 44
20 59
20 80
20 97
20 122
20 160
20 169
20 195
21 66
21 78
21 86
21 112
21 130
21 143
21 181
22 51
22 63
22 76
22 89
22 104
22 105
22 133
23 53
23 62
23 66
23 98
23 100
23 121
23 169
23 185
24 53
24 94
24 107
24 116
24 118
24 136
24 148
24 171
25 39
25 47
25 55
25 56
25 90
25 103
25 109
25 132
25 140
25 150
25 154
25 156
25 165
26 48
26 70
26 91
26 101
26 124
26 130
26 144
26 180
26 181
26 199
27 39
27 75
27 79
27 92
27 125
27 196
28 41
28 47
28 67
28 128
28 141
28 144
28 161
28 177
29 54
29 67
29 93
29 101
29 125
29 136
29 147
29 160
29 165
29 175
29 182
30 69
30 72
30 84
30 111
30 136
30 175
31 32
31 35
31 49
31 76
31 94
31 138
31 139
31 146
31 165
31 171
32 48
32 84
32 147
32 164
32 172
32 192
33 37
33 41
33 48
33 49
33 95
33 109
33 122
33 154
33 156
33 157
33 163
33 166
34 110
34 121
34 124
34 170
34 182
34 190
35 37
35 55
35 59
35 118
35 140
35 172
35 185
36 43
36 50
36 97
36 131
36 155
36 157
36 158
36 199
37 72
37 181
37 190
37 198
38 68
38 80
38 86
38 89
38 110
38 117
38 126
38 154
38 161
38 163
38 182
38 184
38 190
38 197
39 105
39 107
39 121
39 192
40 59
40 61
40 84
40 96
40 131
40 134
40 167
41 58
41 67
41 81
41 102
41 126
41 132
41 175
41 181
41 183
42 75
42 96
42 111
42 138
42 182
43 50
43 58
43 76
43 83
43 185
44 45
44 48
44 55
44 94
44 101
44 105
44 177
45 52
45 56
45 67
45 103
45 115
45 135
45 142
45 158
45 176
45 185
45 194
46 81
46 121
46 124
46 133
46 167
46 170
46 181
46 182
46 185
47 65
47 72
47 116
47 158
47 174
48 59
48 66
48 70
48 99
48 101
48 172
49 53
49 180
49 189
50 55
50 91
50 97
50 113
50 121
50 181
50 196
51 55
51 95
51 103
51 111
51 152
51 153
51 162
51 199
52 57
52 74
52 75
52 109
52 123
52 132
52 146
52 161
52 173
52 178
53 69
53 74
53 88
53 102
53 113
53 121
53 132
53 152
53 181
54 65
54 77
54 87
54 93
54 147
54 181
55 56
55 66
55 98
55 127
55 150
55 177
55 186
56 57
56 63
56 72
56 85
56 111
56 120
56 139
56 155
56 183
57 80
57 136
57 171
57 187
57 196
58 63
58 71
58 101
58 152
58 156
58 163
58 167
58 171
58 185
59 89
59 99
59 102
59 109
59 128
59 134
59 159
59 168
59 174
59 184
59 188
60 66
60 84
60 103
60 117
61 73
61 94
61 114
61 150
61 176
61 182
61 198
62 82
62 89
62 99
62 100
62 120
62 143
62 153
62 164
62 166
62 172
62 185
62 194
62 199
63 67
63 74
63 84
63 121
63 125
63 130
63 168
64 107
64 115
64 133
64 137
64 151
65 68
65 82
65 90
65 112
65 122
65 129
66 69
66 80
66 84
66 108
66 118
66 195
67 87
67 108
67 112
67 123
67 154
67 174
67 176
68 74
68 76
68 91
68 94
68 116
68 130
68 157
68 161
68 177
69 117
69 126
69 159
69 196
70 78
70 86
70 93
70 111
70 126
70 141
70 182
70 186
70 195
71 76
71 99
71 113
71 140
72 90
72 104
72 113
72 128
72 164
73 85
73 122
73 195
74 83
74 98
74 116
74 157
74 179
74 182
75 81
75 141
76 120
76 138
76 158
76 189
76 191
76 198
77 113
77 161
78 83
78 125
78 134
78 148
78 150
78 181
78 192
78 196
79 86
79 158
79 178
79 184
79 196
80 128
80 144
80 145
80 177
81 124
81 162
81 174
81 176
81 190
82 120
82 159
82 180
83 86
83 119
83 120
83 152
83 169
83 186
84 101
84 104
84 121
84 139
84 144
84 163
85 140
85 167
85 169
85 179
85 195
86 108
86 126
86 132
86 171
86 180
86 183
86 192
87 93
87 99
87 103
87 124
87 139
87 142
87 164
87 179
87 192
87 198
88 128
88 130
88 143
88 151
88 190
88 194
88 197
89 91
89 100
89 121
89 150
89 162
89 182
89 198
89 199
90 101
90 111
90 119
90 139
90 189
90 196
91 132
91 144
91 150
91 187
92 152
92 156
92 180
92 193
92 199
93 97
93 106
93 111
93 112
93 138
93 139
93 144
93 174
93 181
93 185
94 96
94 102
94 107
94 162
94 164
94 190
94 193
95 114
95 116
95 117
95 136
95 168
95 175
95 179
95 196
96 128
96 131
96 144
97 102
97 114
97 120
97 131
97 179
98 176
98 196
99 116
99 120
99 138
99 155
99 156
99 176
99 177
99 187
100 130
100 144
100 184
101 104
101 159
102 128
102 142
102 181
103 107
103 158
103 163
103 168
103 192
104 116
104 127
104 135
104 137
104 158
105 124
105 128
105 155
105 157
105 161
105 162
105 186
105 197
106 192
107 135
107 136
107 147
107 174
107 182
107 194
107 198
108 123
108 149
108 158
108 164
108 190
109 110
109 113
109 150
109 154
109 172
110 123
110 129
110 136
110 139
110 168
110 174
110 182
110 192
111 120
111 130
111 131
111 157
111 182
111 197
112 138
112 141
112 154
112 157
112 190
112 196
112 197
113 114
113 122
113 136
113 155
113 187
113 192
114 122
114 131
114 171
114 187
115 179
116 119
116 180
116 193
116 195
117 143
118 165
118 173
119 142
119 187
120 138
120 152
120 163
120 184
120 187
120 188
120 190
120 193
121 138
121 155
121 164
121 180
122 161
122 189
123 150
123 176
123 189
123 195
124 152
124 165
125 135
126 154
126 157
126 159
126 170
126 172
126 175
127 136
127 180
127 189
127 199
128 137
128 160
128 180
129 172
129 173
129 189
130 187
131 151
131 163
131 184
133 168
133 169
134 139
134 173
134 197
135 159
135 172
135 176
135 178
135 186
136 152
136 155
136 168
136 197
137 148
137 166
137 192
138 168
139 157
139 161
139 194
140 143
140 182
141 142
141 154
141 158
142 168
142 185
142 188
142 191
143 144
143 146
143 155
143 177
143 180
143 195
144 149
144 179
144 181
145 155
145 165
145 192
146 147
146 162
146 178
146 188
146 195
147 148
147 156
147 185
149 169
150 169
150 194
151 169
152 157
153 185
153 193
154 160
154 161
154 171
155 163
155 165
156 188
157 180
157 196
158 183
158 194
158 195
159 175
159 197
160 164
161 178
161 187
162 171
165 173
165 198
166 170
166 199
167 178
167 184
167 197
167 199
168 172
168 177
169 193
169 197
171 191
172 173
172 176
173 193
174 180
175 196
177 183
178 180
179 187
179 190
180 192
182 193
184 185
185 186
186 195
187 193
189 197
190 191
191 195
192 197
193 198
194 197
198 199
