200
0 57
0 65
0 70
0 99
0 132
0 150
0 196
1 83
1 95
1 97
1 129
1 138
1 178
1 189
2 36
2 40
2 66
2 76
2 149
2 174
2 184
3 46
3 51
3 57
3 87
3 125
3 189
3 190
4 68
4 75
4 92
4 96
4 111
4 158
4 160
4 190
5 84
5 108
5 117
5 143
5 144
5 173
6 20
6 101
6 147
6 151
6 158
6 178
7 48
7 86
7 162
7 178
7 193
8 37
8 72
8 87
8 108
8 185
9 29
9 48
9 104
9 114
10 51
10 52
10 77
10 92
10 117
10 170
10 174
11 43
11 66
11 75
11 130
11 134
11 141
11 166
11 191
12 55
12 72
12 108
12 125
12 159
12 160
13 14
13 36
13 41
13 90
13 110
14 57
14 65
14 100
14 124
14 163
14 184
14 191
15 16
15 34
15 38
15 74
15 199
16 68
16 73
16 83
16 84
16 87
16 112
17 31
17 45
17 177
17 181
18 39
18 47
18 103
19 24
19 65
19 81
19 118
20 23
20 115
20 137
21 32
21 45
21 57
21 102
21 126
21 177
21 178
21 179
21 187
22 45
22 48
22 66
22 67
22 81
22 93
22 115
23 75
23 105
23 143
23 157
23 163
23 164
23 175
24 76
24 101
24 107
24 195
25 70
25 138
25 147
25 179
26 33
26 42
26 45
26 55
26 76
26 121
26 128
26 139
26 145
26 192
27 74
27 131
27 177
27 188
28 43
28 72
28 107
28 110
28 115
28 151
28 155
28 190
28 193
29 31
29 97
29 134
29 140
29 172
29 174
30 71
30 89
30 127
30 174
30 195
31 93
31 121
32 42
32 60
32 88
32 153
32 177
32 179
33 133
34 143
34 147
34 189
35 72
35 155
35 161
35 168
35 169
36 38
36 64
36 68
36 110
36 117
36 149
37 47
37 77
37 78
37 111
37 134
37 156
37 168
37 194
38 40
38 110
38 178
38 186
38 198
39 124
39 128
39 159
39 175
40 83
40 156
40 178
40 180
40 188
40 195
41 83
41 138
42 48
42 50
42 54
42 62
42 92
42 131
42 169
42 170
43 101
43 121
43 159
43 177
44 91
44 181
45 110
45 123
46 71
46 103
47 55
47 105
47 117
47 194
48 85
48 87
48 127
48 134
48 160
48 183
49 58
49 97
49 123
49 136
49 140
49 166
50 51
50 129
51 64
51 94
51 153
51 171
52 93
53 109
54 59
54 108
54 111
54 176
54 199
55 91
55 182
56 65
56 80
56 145
56 169
56 172
56 194
57 64
57 93
57 120
57 130
57 181
58 65
58 79
58 81
58 130
58 158
59 83
59 123
59 144
59 153
60 152
60 155
61 85
61 99
61 153
62 183
62 185
63 111
63 125
63 185
64 162
65 88
65 132
65 195
66 84
66 148
66 156
66 183
67 111
67 132
67 147
67 182
67 188
67 193
68 85
68 121
68 130
69 114
69 115
69 133
69 171
69 174
70 86
70 98
70 139
70 163
70 169
70 170
70 176
70 196
71 98
71 178
71 193
72 181
72 182
72 189
73 137
73 185
74 113
74 149
75 84
75 122
75 173
75 180
76 95
76 109
76 153
76 194
77 117
78 88
78 108
78 115
78 156
78 191
79 88
79 168
80 152
80 169
80 177
81 97
81 99
81 100
81 121
81 150
81 162
81 169
81 192
81 195
82 108
82 152
82 174
83 98
83 190
84 111
84 154
84 170
84 187
85 111
85 116
85 155
85 157
85 169
86 123
86 133
86 172
86 194
87 105
87 152
87 164
88 98
88 112
88 151
88 165
89 151
89 152
89 159
89 167
89 196
90 112
90 154
90 174
90 195
91 132
91 136
91 150
91 176
92 105
92 144
92 184
92 185
93 139
93 157
93 158
93 178
93 199
94 95
94 100
94 118
94 161
94 185
95 116
95 169
96 194
96 199
97 98
97 104
97 156
97 190
97 194
99 154
99 170
99 171
99 175
99 185
99 186
100 130
100 145
100 176
100 193
101 102
101 151
101 159
101 184
101 185
102 107
102 141
102 160
102 185
103 112
103 119
103 151
107 120
107 186
109 141
109 180
109 182
110 126
110 138
110 150
110 151
110 190
111 136
113 118
113 140
113 181
114 166
114 170
115 179
116 134
116 185
116 186
117 130
117 148
117 197
119 152
120 189
121 157
121 167
121 180
121 199
122 163
122 168
122 171
123 173
123 189
123 198
124 140
124 155
124 178
124 183
124 186
125 133
125 138
125 157
125 195
126 194
127 159
127 165
127 184
128 150
129 149
129 159
129 177
129 181
131 142
132 152
132 194
133 136
133 148
133 179
134 143
134 164
135 188
135 194
136 146
138 164
138 171
138 187
139 163
139 185
140 146
140 148
140 191
140 199
141 157
141 182
143 199
145 149
145 156
145 195
146 155
146 171
147 183
147 192
148 167
149 156
149 179
150 161
150 198
151 161
151 178
151 199
152 164
152 192
153 184
153 187
154 195
155 160
155 188
156 175
156 179
158 175
158 186
158 199
159 163
160 172
162 198
163 175
164 168
164 169
164 176
165 194
168 169
168 174
170 198
172 173
172 175
176 188
177 193
178 183
178 190
179 191
184 189
185 194
188 196
191 193
196 199
197 199
