200
0 18
0 29
0 31
0 56
0 110
0 154
0 183
0 185
1 41
1 42
1 83
2 4
2 16
2 19
2 61
2 108
2 152
2 199
3 25
3 62
3 79
3 84
3 150
3 181
3 185
4 52
4 61
4 149
5 25
5 34
5 144
5 165
6 38
6 144
6 167
6 191
7 163
7 180
7 193
8 55
8 159
9 95
9 115
10 31
10 75
10 134
10 141
11 134
11 154
11 183
11 194
12 53
12 67
12 112
12 182
13 19
13 23
13 73
13 76
13 159
13 173
13 176
14 20
14 45
14 101
14 122
14 154
14 163
14 164
15 28
15 52
15 75
16 27
16 106
17 87
17 112
17 166
18 38
18 101
18 120
18 138
18 171
18 187
19 37
19 66
19 88
19 156
19 174
19 184
20 37
20 50
20 67
20 113
20 117
21 116
21 173
21 188
22 41
22 44
22 94
23 84
23 187
24 43
24 54
25 46
25 53
25 89
25 90
25 94
25 147
26 42
26 65
26 75
26 137
26 165
26 176
26 187
27 106
27 110
27 117
27 142
27 162
28 138
28 154
29 67
29 73
29 91
29 101
29 128
29 171
30 189
30 198
31 94
31 116
32 56
32 143
32 183
32 197
33 75
34 70
34 102
35 80
35 183
36 60
36 63
36 95
37 72
37 79
37 87
37 176
37 193
38 46
38 82
38 159
39 169
39 174
39 175
40 112
40 153
40 178
40 191
41 42
41 58
41 81
41 121
41 134
42 138
42 163
42 167
43 79
43 82
43 86
44 48
44 151
45 88
45 147
46 148
46 163
47 69
47 79
48 94
48 96
48 115
49 105
49 189
50 154
50 171
50 174
51 64
51 95
51 116
51 119
51 140
51 157
51 177
52 97
52 113
52 156
53 84
53 121
53 155
54 71
54 73
55 69
55 97
55 187
56 86
56 88
57 96
57 154
58 106
59 82
59 103
59 105
60 164
60 189
61 121
61 180
62 102
62 153
63 68
63 85
63 159
63 182
64 74
64 109
64 124
64 139
64 141
64 165
64 182
65 78
65 137
66 98
66 117
66 167
66 172
67 87
67 124
68 76
68 91
68 99
69 137
69 199
70 129
70 132
70 183
71 78
71 82
71 105
71 111
71 124
72 78
72 89
72 96
73 79
74 85
74 114
74 132
74 142
76 78
76 112
77 91
78 112
78 170
78 189
78 196
79 133
79 191
80 93
80 95
81 181
82 89
82 132
82 187
83 97
83 117
83 174
84 184
85 118
85 188
86 127
86 171
87 95
87 104
87 158
87 167
88 148
88 156
89 147
89 166
89 176
91 189
92 107
93 136
95 122
95 143
95 145
95 167
96 131
96 141
96 195
98 127
98 136
98 152
99 120
100 126
100 187
100 198
101 167
101 180
102 103
102 142
103 125
103 167
104 135
105 110
105 155
106 169
106 176
110 130
110 197
110 198
111 134
111 153
111 154
112 113
112 122
112 199
113 135
113 153
113 176
114 137
114 173
115 169
116 184
117 122
117 133
117 155
117 166
117 167
117 196
118 191
119 166
120 128
120 131
121 146
121 147
122 147
122 173
123 195
124 127
124 141
124 147
125 136
125 171
125 179
126 149
127 182
128 144
128 199
129 192
130 189
132 154
137 180
137 198
138 158
138 163
138 178
139 158
140 195
141 148
143 199
144 145
144 146
149 178
150 155
150 189
150 190
150 192
153 163
153 164
154 169
156 160
157 196
159 188
161 165
162 169
165 167
165 176
165 194
166 186
167 195
171 180
171 198
177 193
178 199
179 192
183 194
