300
0 104
0 188
0 196
1 5
1 16
1 139
1 179
1 239
1 274
2 42
2 75
2 113
2 126
2 171
2 217
2 274
2 295
3 35
3 60
3 65
3 91
3 110
3 185
3 202
3 245
3 262
4 36
4 181
5 93
5 142
6 81
6 121
6 271
7 93
7 188
7 269
7 285
8 32
8 54
8 66
8 151
8 287
9 90
9 161
9 200
9 242
9 284
9 293
10 33
10 39
10 47
10 64
10 93
10 152
10 246
10 257
10 280
11 152
11 158
11 168
11 241
12 66
12 76
12 171
12 213
13 58
13 245
13 298
14 99
14 170
14 262
14 290
15 75
15 78
15 110
15 150
16 46
16 99
16 157
16 171
16 219
17 26
17 141
17 193
17 196
17 235
18 62
18 94
18 137
18 145
18 260
18 288
19 101
19 106
19 113
19 270
19 278
20 42
20 50
20 95
20 170
21 116
21 178
22 149
22 253
22 275
23 128
23 133
23 249
23 291
24 43
24 156
25 27
25 194
25 270
26 232
27 145
27 157
27 177
27 197
27 231
27 268
28 128
29 228
30 53
30 68
30 118
30 227
30 239
31 33
31 37
31 73
31 136
31 248
31 283
32 91
32 179
33 57
33 147
33 274
34 35
34 154
34 168
35 51
35 179
35 277
36 276
37 45
37 84
37 91
37 178
37 194
37 270
38 47
38 91
38 179
39 154
40 160
40 193
41 47
42 85
42 162
43 66
43 161
43 224
43 279
44 95
44 270
44 284
45 80
45 86
45 151
45 163
45 254
46 194
46 299
47 185
47 279
48 103
48 119
48 179
48 281
48 296
49 135
49 137
49 199
49 213
50 52
50 69
50 131
50 182
50 186
50 188
50 228
50 267
51 101
51 136
51 144
51 182
51 219
51 252
52 110
53 60
53 114
54 65
54 80
54 156
54 209
54 245
55 261
55 264
55 282
56 78
56 152
57 92
57 127
57 290
58 74
58 109
58 201
59 103
60 103
60 203
61 123
61 282
62 113
62 180
63 73
63 202
63 299
64 121
64 187
64 193
64 275
64 280
65 67
65 86
65 241
66 220
66 286
67 144
67 155
67 165
68 74
68 245
69 165
69 194
69 296
70 110
70 204
70 252
71 186
71 272
72 229
72 248
72 274
73 193
73 226
74 87
74 89
74 110
74 118
74 120
74 132
74 137
74 196
74 240
74 244
74 290
76 143
77 94
77 100
77 120
77 264
77 288
79 135
79 234
80 97
80 119
80 205
80 220
80 244
80 262
80 279
80 297
81 143
81 206
81 231
81 240
82 94
82 252
83 128
83 177
85 102
85 146
85 225
86 130
86 188
87 172
87 211
88 172
88 174
88 200
88 299
89 105
89 197
89 233
90 141
90 211
91 195
91 290
92 103
92 210
92 233
92 285
93 122
93 157
93 173
93 177
95 259
95 266
96 107
96 165
96 174
96 212
96 297
97 177
97 201
99 146
100 174
100 176
100 226
100 231
101 125
101 266
101 287
102 129
102 148
102 154
103 174
104 146
104 290
105 166
105 259
105 295
106 244
108 135
108 173
108 225
109 110
109 142
109 273
109 285
110 249
111 234
111 251
113 158
113 189
114 193
114 237
115 239
116 203
116 287
117 158
117 199
117 240
117 272
117 299
118 194
118 266
120 141
120 194
120 222
120 234
121 226
121 238
121 281
122 150
122 183
122 222
122 286
122 296
123 227
123 253
124 164
124 242
124 286
126 237
127 172
127 199
128 277
128 296
129 151
130 151
131 135
131 147
131 224
131 240
131 254
131 293
132 161
132 177
132 180
132 185
132 255
132 286
133 216
133 220
133 246
134 169
134 191
134 235
134 242
135 168
135 210
136 230
136 285
137 224
138 215
139 210
139 253
140 149
140 179
141 205
141 258
141 277
141 295
142 171
142 253
143 183
143 242
143 262
144 158
144 245
146 233
146 244
146 251
147 166
147 205
147 217
147 291
148 184
148 187
148 250
149 291
149 298
150 173
151 227
151 246
151 283
153 192
153 217
154 164
154 167
154 172
154 271
155 265
155 290
156 186
157 176
157 210
158 190
158 245
160 291
161 185
161 204
161 231
161 248
162 222
162 243
163 200
163 299
164 166
164 215
164 245
166 198
166 231
166 276
167 260
167 287
168 204
168 205
169 178
169 297
170 209
170 247
171 256
171 273
173 274
173 282
174 178
174 260
174 274
176 184
176 223
176 246
177 248
179 252
179 281
180 206
182 209
182 234
182 276
183 200
183 204
183 228
183 244
183 270
183 287
184 233
185 212
185 248
185 251
185 281
186 275
186 299
187 205
187 273
188 258
188 279
189 210
189 238
189 270
191 219
193 263
193 280
194 206
194 269
194 276
195 225
195 280
197 206
197 231
197 232
197 253
198 201
198 216
199 219
199 256
200 213
200 292
202 233
203 254
203 276
203 296
206 254
207 225
209 224
209 227
210 243
210 245
211 251
211 254
211 285
212 243
214 288
215 291
216 239
217 251
217 257
219 233
219 235
220 282
222 252
223 257
224 226
224 282
225 255
229 268
230 295
233 258
240 252
244 286
245 258
253 276
254 283
254 289
257 270
257 284
257 294
258 289
264 267
264 279
265 294
267 287
271 279
273 274
273 279
273 297
274 277
274 296
277 290
282 292
286 297
290 297
291 299
293 298
