100
0 17
0 37
0 46
0 53
0 62
0 76
0 79
0 86
1 34
1 35
1 44
1 63
1 74
1 83
2 30
2 90
2 93
2 98
3 9
3 17
3 27
3 57
3 93
4 29
4 31
4 38
4 44
4 60
4 75
4 83
4 84
4 89
5 33
5 40
5 45
5 83
6 12
6 37
6 44
6 78
6 92
7 27
7 28
7 29
7 36
7 48
7 60
7 73
7 77
7 83
7 86
7 87
8 21
8 24
8 25
8 31
8 62
8 68
8 71
9 10
9 24
9 25
9 61
9 95
10 11
10 16
10 27
10 65
10 74
11 18
11 20
11 22
11 41
11 50
11 64
11 82
11 91
11 95
12 35
12 36
12 40
12 50
12 61
12 64
12 66
13 81
13 82
14 49
14 59
14 61
14 68
14 81
15 32
15 34
15 49
15 75
15 88
15 92
15 96
15 97
16 23
16 28
16 54
16 76
16 98
17 19
17 47
17 52
17 55
17 77
18 31
18 34
18 35
18 44
18 57
18 72
18 90
18 99
19 46
19 55
19 73
19 74
19 80
19 85
20 22
20 43
20 67
20 72
20 75
21 30
21 38
21 61
21 67
21 72
21 79
21 81
22 29
22 62
22 75
23 37
23 40
23 45
23 82
23 88
24 33
24 69
24 73
24 75
25 37
26 27
26 37
26 58
26 84
27 38
27 55
27 67
28 46
28 66
28 73
28 88
28 98
29 53
29 60
29 61
29 69
29 70
29 80
30 43
30 66
30 86
30 96
31 39
31 43
31 69
31 74
31 76
31 89
31 92
32 36
32 62
32 81
32 95
33 99
34 89
34 95
35 39
35 48
35 86
36 38
36 53
36 64
37 38
37 56
37 64
38 40
38 49
38 87
39 40
39 72
39 85
39 89
39 94
40 85
41 44
41 80
42 56
42 91
43 66
44 94
45 54
45 94
46 68
46 96
47 55
47 63
48 89
48 97
49 56
49 68
49 71
49 94
50 70
50 96
51 63
51 65
51 86
52 56
53 61
53 63
53 93
54 55
54 61
54 82
55 75
55 81
55 87
55 89
56 78
56 88
56 99
57 58
57 75
57 77
57 85
57 92
59 62
60 62
60 68
60 85
60 89
61 68
61 75
61 83
61 92
62 75
62 82
62 83
62 94
63 64
63 74
64 72
64 95
65 82
65 98
66 75
66 96
67 93
68 72
68 85
68 86
69 70
70 98
72 73
72 92
73 95
74 75
75 96
77 88
79 97
81 82
81 84
83 91
83 92
83 94
85 98
87 98
90 94
90 95
90 96
90 99
92 98
93 95
