300
0 132
0 246
1 191
1 199
1 299
2 7
3 53
3 109
3 123
3 212
3 269
4 19
4 157
4 268
5 214
7 63
7 272
7 279
8 156
10 281
10 289
11 13
11 122
12 277
12 298
13 27
13 202
14 51
14 247
15 81
15 189
16 265
17 32
17 52
17 130
17 162
17 225
18 81
18 105
19 21
19 87
19 157
19 182
19 296
20 160
20 283
21 137
21 141
21 202
22 133
23 60
23 143
23 161
23 249
24 72
24 158
25 121
25 184
25 242
25 278
26 42
26 65
26 165
27 88
27 111
27 124
27 176
28 221
28 288
29 58
29 175
30 189
32 113
32 123
33 39
34 78
34 127
34 150
36 146
37 137
38 114
38 139
39 199
39 234
39 268
40 195
40 248
41 44
41 82
43 122
43 143
43 250
45 149
45 179
45 184
45 245
46 117
47 213
48 66
48 106
49 80
49 223
50 211
50 220
52 80
53 79
55 184
55 229
55 243
56 182
56 203
57 157
58 174
58 205
59 70
60 80
60 145
60 163
60 242
61 73
61 211
61 248
62 178
63 175
64 91
64 203
64 258
66 165
66 261
69 72
72 227
72 273
73 84
73 240
73 280
75 159
77 158
79 295
80 249
81 268
82 173
83 113
83 237
84 87
84 114
84 224
85 183
85 298
88 116
89 98
91 110
91 137
91 219
91 239
91 251
93 209
93 280
93 299
95 187
96 213
96 297
97 233
98 285
99 155
99 203
100 142
100 151
100 204
100 210
100 214
101 277
103 201
103 239
104 189
106 136
107 145
107 184
110 161
110 180
114 179
115 212
115 237
116 140
116 176
116 248
117 157
120 207
121 146
121 155
121 282
122 275
123 200
123 250
124 205
124 281
125 181
125 231
125 260
125 288
126 136
126 175
127 182
127 268
128 225
128 229
128 294
129 233
130 260
130 287
131 197
131 225
132 176
132 256
134 189
136 193
136 215
136 229
137 262
137 293
138 179
138 258
139 216
139 237
142 149
142 212
143 144
143 269
143 270
145 250
145 297
147 230
147 231
148 222
151 170
151 204
151 251
152 194
153 190
156 238
156 283
157 234
158 201
159 208
159 262
160 279
161 282
162 217
163 226
163 254
164 167
166 255
167 233
168 299
170 175
171 215
174 196
175 177
175 283
177 188
182 184
183 279
184 239
186 264
188 284
189 228
191 237
191 285
192 290
196 293
197 207
197 221
199 205
202 277
202 282
203 231
208 255
210 293
211 263
220 273
220 275
221 245
224 276
229 266
230 273
231 287
231 296
234 275
234 286
235 285
242 268
243 281
251 282
258 277
258 286
260 268
272 298
278 279
278 288
