300
0 20
0 65
0 109
0 113
0 114
0 161
0 182
0 202
0 204
0 251
0 255
0 276
0 286
0 297
1 18
1 53
1 91
1 95
1 104
1 133
1 170
1 283
1 294
2 19
2 26
2 65
2 79
2 113
2 187
2 228
2 260
2 264
2 281
2 297
3 75
3 90
3 92
3 163
3 224
3 227
3 229
3 246
3 271
4 9
4 28
4 77
4 123
4 131
4 163
4 193
4 215
4 245
4 253
4 276
5 18
5 36
5 69
5 89
5 106
5 107
5 114
5 126
5 155
5 189
5 258
5 279
6 38
6 59
6 138
6 189
7 10
7 11
7 21
7 139
7 142
7 143
7 177
7 178
7 179
7 180
7 225
7 251
7 265
8 26
8 100
8 107
8 151
8 183
8 279
8 291
9 82
9 85
9 93
9 122
9 171
9 199
9 224
9 239
9 268
10 20
10 56
10 113
10 146
10 184
10 186
10 256
11 33
11 74
11 220
11 223
11 226
11 247
11 259
11 261
11 262
12 31
12 43
12 64
12 65
12 131
12 168
12 178
13 24
13 101
13 127
13 173
13 227
13 233
13 264
14 55
14 58
14 80
14 166
14 220
14 232
14 263
14 269
15 19
15 29
15 70
15 110
15 122
15 135
15 139
15 162
15 166
15 207
15 250
15 255
15 278
16 29
16 68
16 69
16 112
16 137
16 162
16 206
17 28
17 59
17 65
17 145
17 147
17 155
17 164
17 202
17 207
17 216
17 222
17 261
17 292
17 299
18 51
18 117
18 150
18 153
18 174
18 265
18 293
19 52
19 144
19 146
19 199
19 201
19 214
19 215
19 231
19 235
20 32
20 115
20 130
20 135
20 139
20 150
20 199
20 249
20 267
20 269
20 284
21 126
21 133
21 237
21 241
21 281
22 24
22 29
22 63
22 67
22 79
22 96
22 171
22 237
22 296
23 89
23 130
23 155
23 176
23 223
23 242
24 55
24 124
24 125
24 201
24 284
25 38
25 129
25 156
25 260
25 283
26 37
26 46
26 49
26 95
26 101
26 143
26 156
26 236
26 265
27 87
27 150
27 235
27 248
27 281
28 77
28 89
28 178
28 248
28 252
28 282
29 31
29 35
29 109
29 135
29 159
29 166
29 192
29 195
29 228
30 115
30 143
30 261
31 47
31 58
31 64
31 96
31 100
31 105
31 112
31 116
31 167
31 168
31 169
31 185
31 232
31 282
31 292
32 66
32 90
32 111
32 152
32 216
32 224
32 235
32 247
32 259
32 294
33 38
33 166
33 192
33 264
33 294
34 45
34 85
34 157
34 266
34 289
35 55
35 76
35 158
35 170
35 186
35 196
35 200
35 218
35 240
36 58
36 62
36 74
36 75
36 138
36 149
36 200
36 205
36 225
36 237
37 80
37 87
37 95
37 110
37 115
37 119
37 172
37 197
37 234
37 245
37 249
37 262
38 44
38 53
38 87
38 100
38 119
38 132
38 191
38 220
38 223
38 254
38 284
39 49
39 95
39 141
39 197
39 223
40 46
40 111
40 126
40 146
40 150
40 252
40 254
40 279
41 58
41 149
41 177
41 224
41 285
42 164
42 175
42 224
42 239
43 105
43 121
43 146
43 187
43 208
43 212
43 214
43 216
43 217
44 78
44 87
44 179
44 218
44 226
44 265
44 295
45 80
45 97
45 106
45 139
45 156
45 165
45 167
45 280
45 281
46 126
46 154
46 155
46 254
47 51
47 87
47 89
47 153
47 161
47 166
47 198
47 252
48 53
48 78
48 97
48 138
48 144
48 161
48 164
48 239
49 132
49 159
49 178
49 186
49 187
49 243
50 75
50 115
50 150
50 155
50 179
50 201
50 250
50 263
50 283
50 295
50 297
51 79
51 81
51 83
51 125
51 214
52 58
52 107
52 125
52 202
52 224
52 237
52 265
52 270
52 285
52 289
53 117
53 130
53 136
53 167
53 174
53 179
53 186
53 257
54 84
54 105
54 112
54 115
54 135
54 148
54 166
54 219
54 237
55 67
55 121
55 176
55 215
55 269
55 299
56 71
56 99
56 105
56 126
56 129
56 144
56 147
56 149
56 182
56 206
56 223
56 236
56 239
56 251
56 282
57 153
57 171
57 190
58 125
58 135
58 166
58 170
58 191
58 299
59 93
59 108
59 166
59 220
59 234
59 244
59 263
59 270
60 88
60 131
60 246
60 259
61 135
61 149
61 193
61 219
61 270
61 280
62 91
62 180
62 196
62 248
62 257
62 267
63 112
63 118
63 140
63 202
63 220
63 226
63 251
63 294
64 74
64 78
64 97
64 114
64 120
64 156
64 170
64 183
64 237
64 269
64 274
64 278
64 292
64 298
65 84
65 146
65 253
65 254
65 258
65 276
65 293
66 78
66 131
66 138
66 155
66 160
66 209
66 234
66 265
67 83
67 129
67 159
67 171
67 173
67 178
67 230
67 248
67 277
68 86
68 112
68 182
68 189
68 190
68 222
68 242
68 282
69 87
69 119
69 128
69 215
69 218
69 246
70 124
70 134
70 147
70 179
70 215
71 81
71 105
71 107
71 112
71 135
71 150
71 242
71 269
72 115
72 124
72 175
72 282
73 87
73 109
73 143
73 159
73 260
73 273
73 283
73 286
73 289
74 88
74 118
74 159
74 221
74 229
74 291
75 82
75 90
75 145
75 181
75 223
76 218
76 286
77 110
77 113
77 163
77 212
77 299
78 98
78 128
78 163
78 187
78 196
78 204
78 232
78 250
78 251
79 89
79 102
79 106
79 124
79 138
79 151
79 156
79 180
79 220
79 275
79 281
79 292
79 294
80 99
80 101
80 123
80 130
80 132
80 139
80 140
80 218
80 232
80 242
80 252
80 266
80 276
81 111
81 119
81 121
81 211
81 251
81 257
81 272
81 276
81 282
81 298
82 151
82 231
82 293
83 97
83 117
83 119
83 180
83 205
83 223
83 227
83 267
83 294
84 127
84 181
84 206
84 210
84 230
84 234
84 291
85 87
85 94
85 122
85 127
85 176
85 188
85 202
85 226
85 239
85 292
86 88
86 119
86 127
86 187
86 235
86 237
86 285
86 299
87 103
87 129
87 202
87 238
87 253
87 260
88 99
88 114
88 156
88 171
88 190
88 258
89 99
89 167
89 191
89 213
89 226
89 249
89 266
89 285
89 298
90 104
90 131
90 184
90 203
90 251
90 277
91 113
91 153
91 194
91 199
91 263
91 280
92 102
92 133
92 148
92 177
92 193
92 219
92 221
92 232
92 246
93 110
93 113
93 122
93 135
93 208
93 262
93 271
93 283
93 288
94 103
94 121
94 140
94 181
94 207
94 272
94 280
94 287
95 172
95 193
95 194
95 232
95 242
95 257
95 259
95 278
96 226
96 229
96 239
96 241
96 296
97 108
97 129
97 151
97 184
97 224
97 232
98 130
98 148
98 159
98 228
98 276
98 290
98 292
98 296
98 299
99 110
99 119
99 160
99 231
100 117
100 122
100 143
100 169
100 176
100 294
101 190
101 228
101 292
102 103
102 271
102 299
103 107
103 142
103 177
103 203
103 213
103 218
103 230
103 272
103 279
103 287
104 117
104 121
104 173
104 176
104 182
104 198
104 202
104 221
104 255
104 289
105 151
105 204
105 215
105 229
105 233
105 287
106 118
106 143
106 149
106 174
106 180
106 188
106 199
106 202
107 113
107 124
107 205
107 229
107 235
107 254
107 264
107 275
108 175
108 178
108 195
108 217
108 223
108 225
108 261
108 267
109 140
109 151
109 290
110 119
110 162
110 174
110 228
110 238
110 291
111 142
111 149
111 165
111 224
111 246
111 284
111 287
111 288
112 221
112 224
112 228
112 277
113 119
113 127
113 134
113 188
113 190
113 255
113 256
114 155
114 189
114 190
114 196
114 237
114 244
115 182
115 227
115 234
115 237
116 119
116 134
116 153
116 222
116 245
117 119
117 154
117 182
117 221
117 222
117 225
117 235
117 248
117 262
118 122
118 206
118 213
118 235
118 293
118 296
118 297
119 120
119 142
119 183
119 235
119 237
119 243
119 257
119 262
119 293
120 192
120 200
120 202
120 243
120 246
120 247
120 250
120 252
121 130
121 133
121 220
121 292
122 154
122 156
122 214
122 278
122 291
123 127
123 132
123 210
123 244
123 276
123 288
123 292
124 153
124 219
124 222
125 127
125 145
125 223
125 266
125 275
125 281
126 172
126 228
126 229
126 242
126 248
127 133
127 174
127 176
127 219
127 237
127 251
127 285
128 146
128 163
129 137
129 145
129 175
129 176
129 238
129 281
130 147
130 186
130 195
130 217
130 218
130 245
130 252
130 273
131 138
131 140
131 175
131 193
131 207
131 214
131 216
131 255
131 298
132 207
132 216
132 246
132 297
133 143
133 152
133 161
133 171
133 247
134 153
134 218
134 236
134 251
134 266
134 273
134 275
134 280
135 202
135 221
135 222
135 237
135 274
136 205
136 214
136 247
136 255
136 262
136 292
137 146
137 161
137 210
137 299
138 199
138 207
138 272
138 273
138 297
139 173
139 209
139 299
140 160
140 187
140 243
140 244
140 296
141 144
141 157
141 172
141 202
141 203
141 221
141 234
141 243
142 187
142 199
142 239
143 170
143 177
143 202
143 218
143 239
143 257
144 221
144 230
144 236
144 259
144 270
145 152
145 164
145 186
145 202
145 238
145 255
145 266
145 288
146 148
146 237
146 249
146 254
146 260
146 282
146 286
146 287
147 176
147 182
147 207
147 218
147 282
148 152
148 155
148 225
148 243
148 295
148 298
149 168
149 217
149 229
149 237
149 259
149 293
150 198
150 222
150 269
150 278
150 280
150 295
151 169
151 170
151 195
151 209
151 257
151 283
152 161
152 204
152 205
152 218
152 227
152 247
152 248
152 283
153 169
153 173
153 190
153 246
153 257
154 165
154 183
154 204
155 170
155 177
155 184
155 213
155 220
156 159
156 181
156 190
156 192
156 224
157 183
157 230
157 232
157 240
157 251
157 252
157 278
158 230
158 234
158 275
158 284
158 287
159 207
159 218
159 221
159 233
159 241
159 256
160 170
160 215
160 233
160 254
160 256
161 172
161 190
161 217
161 224
161 267
161 286
162 186
162 220
163 202
163 218
163 232
163 264
163 288
164 165
164 189
164 287
165 170
165 176
165 190
165 208
165 239
165 244
165 260
165 277
166 174
166 178
166 203
166 265
166 283
167 169
167 184
167 202
167 254
168 180
168 233
168 238
168 276
168 296
169 173
169 183
169 211
169 263
170 200
170 266
171 184
171 194
171 205
171 207
171 227
171 228
171 231
171 252
171 263
171 272
171 288
172 196
172 228
172 230
172 247
172 260
173 174
173 181
173 205
173 274
174 202
174 208
174 215
174 216
174 220
174 289
175 261
176 198
176 262
176 264
176 269
176 273
176 278
177 231
177 263
177 274
178 196
178 197
178 210
178 243
178 246
178 247
178 257
179 213
180 190
180 206
180 260
180 265
180 290
180 291
181 194
181 241
181 246
181 251
182 294
183 185
183 224
183 257
184 231
184 255
184 265
185 198
185 210
185 215
185 258
186 263
186 276
187 235
187 241
187 271
187 281
188 198
188 209
189 258
189 269
190 199
190 205
190 238
190 241
190 248
191 193
191 216
191 224
191 233
192 193
192 219
192 244
192 252
192 267
193 206
193 236
193 270
193 281
193 295
193 299
194 205
195 196
195 224
195 254
195 259
195 272
196 238
196 249
196 263
197 251
197 253
198 209
198 228
198 240
199 210
199 267
200 211
201 235
201 247
201 254
201 257
201 259
202 210
202 223
202 258
202 267
202 273
202 298
203 229
203 239
203 240
203 242
203 270
203 271
203 272
203 289
204 221
204 234
204 236
204 247
204 270
205 255
205 261
206 217
206 260
206 272
206 281
207 209
207 210
207 211
207 222
207 268
207 271
208 221
208 226
208 233
209 246
209 278
210 226
210 235
210 236
210 239
211 283
212 229
212 249
213 222
213 255
213 263
214 218
214 247
214 249
214 253
214 265
214 273
215 224
215 226
215 228
215 259
215 274
215 277
216 218
216 224
216 240
217 282
218 224
218 249
218 271
219 283
219 289
220 233
220 249
220 271
220 282
220 287
220 299
221 252
222 264
223 228
223 263
223 291
224 239
225 264
225 289
226 232
226 269
226 276
226 291
227 251
228 243
228 260
228 281
229 234
229 253
230 265
230 271
230 277
231 290
232 248
232 258
232 287
233 251
234 268
234 296
235 243
235 283
236 240
236 245
236 253
236 275
237 272
238 259
239 260
239 296
240 280
242 288
243 251
243 252
243 292
244 254
244 258
244 277
244 295
245 269
246 283
247 284
247 293
248 286
250 289
251 259
251 274
251 278
251 287
252 259
252 276
252 280
252 296
253 256
254 284
256 272
256 296
257 271
257 279
260 275
262 280
262 285
263 265
263 272
263 286
263 290
264 283
265 278
266 269
266 288
268 282
269 278
270 299
271 282
272 290
272 296
273 291
274 293
275 276
275 289
276 295
276 296
277 298
278 284
278 295
282 289
282 299
285 290
286 291
287 298
288 293
293 295
