100
0 1
0 45
0 46
0 47
0 53
0 59
0 61
0 70
0 81
0 93
0 94
1 13
1 15
1 21
1 32
1 38
1 40
1 44
1 54
1 91
2 4
2 19
2 20
2 33
2 53
2 58
2 61
2 63
2 71
2 79
2 87
3 7
3 10
3 11
3 20
3 21
3 44
3 66
3 76
3 79
3 80
3 85
3 89
3 90
3 98
4 10
4 12
4 26
4 49
4 52
4 65
4 79
4 90
4 99
5 8
5 17
5 21
5 27
5 48
5 55
5 60
5 99
6 17
6 19
6 35
6 36
6 45
6 82
6 84
6 90
6 92
6 93
6 98
7 36
7 88
8 10
8 13
8 14
8 17
8 33
8 45
8 52
8 62
8 68
8 77
8 99
9 11
9 14
9 21
9 23
9 24
9 30
9 60
9 72
10 12
10 14
10 21
10 23
10 42
10 44
10 47
10 58
10 63
10 66
10 70
10 77
10 78
10 86
10 87
11 14
11 16
11 42
11 51
11 55
11 61
11 63
11 74
11 79
11 85
11 88
12 14
12 18
12 51
12 54
12 55
12 58
12 74
12 83
12 87
12 96
13 17
13 19
13 20
13 31
13 34
13 62
13 66
13 67
13 80
13 88
13 89
13 95
14 21
14 28
14 49
14 52
14 67
14 83
14 87
15 19
15 20
15 28
15 39
15 89
16 25
16 67
16 88
16 98
17 31
17 33
17 40
17 46
17 50
17 58
17 63
17 83
17 93
18 20
18 43
18 45
18 46
18 49
18 54
18 55
18 57
18 60
18 61
18 71
18 73
18 80
18 86
18 96
19 64
19 74
19 83
19 90
19 98
20 26
20 61
20 62
20 65
20 66
20 70
20 73
20 75
20 78
20 80
20 83
20 85
20 89
20 99
21 22
21 27
21 32
21 54
21 63
21 67
21 71
21 84
21 87
21 99
22 46
22 52
22 88
22 92
23 30
23 45
23 49
23 61
23 84
23 97
24 45
24 46
24 48
24 62
24 86
24 95
25 43
25 52
25 55
25 62
25 75
25 77
25 83
25 96
26 41
26 65
26 83
27 29
27 31
27 60
27 67
27 86
27 96
28 38
28 44
28 64
28 69
28 73
28 74
28 91
28 93
28 97
29 39
29 43
29 56
29 58
29 63
29 81
29 95
29 96
30 33
30 34
30 53
30 60
30 64
30 74
30 77
30 78
30 80
31 44
31 50
31 59
31 74
31 82
31 86
32 41
32 45
32 54
32 74
32 92
33 59
33 64
33 66
33 76
33 80
33 86
33 94
33 97
34 37
34 61
34 67
34 85
34 88
35 37
35 52
35 60
35 66
35 71
35 73
35 80
36 51
36 74
36 82
36 85
36 87
36 93
36 96
36 99
37 47
37 58
37 67
37 89
37 92
37 98
38 39
38 43
38 53
38 56
38 57
38 59
38 60
38 92
38 99
39 40
39 48
39 85
39 89
40 60
40 65
40 78
40 84
41 42
41 50
41 52
41 62
41 63
42 45
42 48
42 85
42 87
42 88
42 92
43 57
43 60
43 64
43 82
43 92
44 52
44 76
44 98
44 99
45 47
45 68
45 84
46 63
47 60
47 78
47 87
47 90
48 50
48 66
48 67
48 72
48 75
48 76
48 85
48 98
49 53
49 55
49 67
49 73
49 84
49 85
50 55
50 58
50 70
50 81
50 98
51 59
51 67
51 75
51 90
51 92
52 65
52 68
52 82
52 86
52 91
52 99
53 56
53 72
53 73
53 74
53 82
54 91
55 61
55 62
55 75
56 59
56 64
56 85
56 87
56 89
56 92
57 63
57 66
57 89
58 63
58 66
58 76
58 88
59 68
59 77
59 80
60 62
60 64
60 74
60 85
60 95
60 96
61 82
61 90
62 70
63 71
63 94
63 98
64 75
64 78
65 68
65 79
65 81
65 86
66 72
66 73
66 77
66 79
66 91
67 74
68 75
68 84
68 90
68 92
68 93
68 98
70 89
70 99
71 73
71 86
71 92
72 77
72 82
72 93
73 82
73 84
74 75
74 77
74 95
75 77
76 80
76 91
76 93
76 96
77 78
77 96
77 97
77 99
78 91
79 93
80 90
82 85
82 97
83 86
83 96
84 95
86 91
86 92
86 93
87 92
88 99
90 92
91 98
94 96
96 99
97 99
