300
0 40
0 176
0 178
0 235
1 34
1 165
1 185
1 212
1 275
2 54
2 140
2 219
3 58
3 132
3 248
3 251
3 288
4 11
4 170
4 180
4 211
4 221
4 239
4 257
5 55
5 74
5 106
5 115
5 279
5 295
6 39
6 84
6 135
6 193
6 216
6 252
6 265
7 8
7 9
7 84
7 93
8 52
8 159
8 185
8 249
8 270
9 18
9 42
9 45
9 62
9 125
9 129
9 132
9 165
9 197
9 223
9 240
9 278
9 294
10 53
10 64
10 241
10 258
10 283
11 163
11 296
12 15
12 27
12 105
12 152
12 157
12 199
12 212
12 271
12 289
13 40
13 57
13 114
13 201
13 246
14 75
14 83
14 97
14 116
14 204
14 267
15 44
15 69
15 94
15 131
15 156
15 178
16 52
16 73
16 135
16 200
16 213
16 235
16 278
16 290
17 52
17 169
17 175
17 213
18 36
18 103
18 142
18 160
18 206
18 216
18 240
18 268
19 66
19 163
19 223
19 252
19 274
20 140
20 165
20 181
21 131
21 152
21 160
21 164
21 244
21 264
22 29
22 88
22 117
22 212
22 232
22 241
22 257
22 268
22 277
22 280
23 60
23 79
23 88
23 179
23 194
24 27
24 34
24 66
24 69
24 71
24 119
24 136
24 240
24 266
24 285
25 52
25 89
25 126
25 220
26 143
26 201
26 202
26 261
26 275
27 196
28 94
28 101
28 186
28 250
29 38
29 137
29 178
29 210
29 219
29 276
30 74
30 85
30 147
30 194
30 252
30 271
30 273
31 57
31 139
31 184
31 208
31 271
31 273
32 66
32 80
32 98
32 275
33 82
33 103
33 146
33 165
33 193
33 202
33 206
33 227
33 246
34 62
34 94
34 151
34 170
34 178
34 204
34 282
35 40
35 122
35 217
35 233
35 241
35 257
36 48
36 57
36 69
36 238
36 248
36 260
36 296
37 137
38 178
38 209
38 245
38 292
39 111
40 80
40 99
40 117
40 228
40 258
41 94
41 136
41 225
41 240
41 272
42 67
42 108
42 143
43 87
43 120
43 264
43 297
44 90
44 94
44 100
44 122
44 131
44 255
44 272
45 68
45 128
45 203
45 224
45 234
45 297
46 68
46 120
46 125
46 297
47 57
47 141
47 148
47 176
47 207
48 63
48 83
48 228
48 229
48 259
48 290
48 297
49 278
49 296
50 74
50 79
50 82
50 93
50 186
50 250
50 263
51 130
51 193
51 244
51 260
51 282
52 111
52 164
52 218
52 242
52 259
53 80
53 115
53 216
53 245
53 247
53 298
54 130
54 140
54 222
54 254
55 151
55 164
55 233
56 145
56 179
56 295
57 148
57 193
57 201
57 259
58 145
59 130
59 132
59 265
59 274
60 216
60 235
60 248
60 291
61 99
61 182
61 243
61 246
61 285
61 296
62 233
62 271
63 109
63 204
64 116
64 168
64 178
64 190
64 218
64 244
64 263
64 276
65 178
65 234
65 293
66 74
66 83
66 117
66 160
66 171
66 261
67 126
67 137
67 161
67 220
67 236
67 247
67 288
68 98
68 175
69 113
69 129
69 150
69 191
69 239
70 74
70 88
70 141
70 170
70 241
70 294
71 88
71 99
71 131
71 203
71 266
71 285
71 296
72 182
72 202
72 260
73 144
73 195
73 230
73 289
74 108
74 127
74 133
74 136
74 137
74 182
74 184
74 206
74 246
74 272
74 283
75 111
75 121
75 126
75 137
75 177
75 242
75 261
76 81
76 181
76 246
76 254
77 129
77 173
77 231
77 255
77 281
77 285
78 137
78 204
78 227
78 241
78 290
79 90
79 158
80 145
80 221
81 103
81 143
81 210
81 237
81 241
81 251
81 295
82 112
82 119
82 120
83 91
83 140
83 226
83 230
83 279
83 295
84 103
84 106
84 182
84 196
84 237
84 264
85 254
86 126
86 134
86 146
86 169
86 264
86 286
87 90
87 236
88 111
88 112
88 148
88 168
88 212
88 231
89 219
89 261
89 299
90 122
90 145
90 195
90 197
90 227
90 277
90 285
91 122
91 143
91 158
91 210
92 124
92 129
92 137
92 173
93 160
93 175
93 179
93 210
93 221
94 105
94 113
94 149
94 231
94 255
95 236
95 271
95 272
96 143
96 195
96 234
97 104
97 125
97 206
97 230
101 163
101 190
101 198
102 138
102 145
102 178
102 210
102 225
103 130
103 203
103 241
103 246
104 235
105 110
105 146
105 157
105 174
105 229
105 286
106 107
106 118
106 235
106 264
106 277
106 299
107 112
107 152
108 135
108 137
108 186
109 131
109 151
109 213
110 132
110 153
110 278
110 283
111 231
112 157
112 230
113 187
113 188
113 196
113 240
114 124
114 153
114 187
114 225
114 231
114 298
115 275
115 278
115 292
116 130
116 220
116 239
116 267
117 119
117 214
117 223
117 283
118 273
119 173
119 179
119 196
119 222
120 139
120 168
120 219
122 127
122 189
122 210
122 257
122 264
122 276
123 191
123 208
123 223
123 239
123 249
124 132
124 209
124 217
124 234
124 242
125 139
125 141
125 142
125 171
125 192
125 243
126 161
126 210
126 239
127 199
127 235
127 287
128 233
128 242
128 261
128 271
128 280
129 138
129 165
129 167
129 196
129 237
129 268
130 228
131 180
131 280
132 174
132 294
133 147
133 221
134 233
135 140
135 163
135 203
136 144
136 191
136 256
136 268
137 153
137 218
137 251
137 297
138 164
138 233
138 242
138 259
139 148
139 172
139 238
140 217
141 158
141 183
141 214
141 226
142 164
142 183
142 188
142 215
142 242
142 279
142 283
143 188
143 248
143 283
144 153
144 160
144 238
144 249
144 265
145 240
146 169
146 240
146 268
147 190
147 253
148 292
148 299
150 168
150 294
151 152
151 161
151 299
152 160
152 199
152 240
152 274
152 282
152 293
153 259
154 179
154 193
155 238
155 253
155 261
155 272
156 164
156 254
157 273
158 174
158 277
158 278
159 225
159 270
159 295
160 197
160 242
160 279
161 277
162 164
162 167
162 179
163 290
164 228
164 267
165 198
166 228
166 249
166 250
167 178
167 298
168 205
168 298
169 238
169 248
169 272
170 232
171 195
171 205
171 237
171 248
171 289
172 181
172 195
172 281
173 274
174 180
174 209
174 228
174 298
175 190
175 256
176 275
177 206
177 232
178 249
179 193
179 196
179 214
179 286
181 230
181 251
183 192
183 213
183 235
184 187
184 200
184 226
184 240
185 263
186 200
187 213
188 198
188 218
188 256
188 283
189 223
189 239
190 205
190 291
191 296
192 194
192 212
192 223
193 198
193 261
194 251
194 260
194 291
195 204
195 247
196 218
196 227
196 252
196 262
197 217
197 237
198 239
199 207
199 243
199 287
200 224
200 243
201 202
201 261
201 277
201 281
202 214
202 236
202 239
203 206
203 264
203 294
204 258
204 267
204 278
204 291
206 215
207 287
208 211
208 225
208 238
209 229
209 241
210 220
211 213
211 239
211 290
212 213
212 249
213 216
213 237
213 253
213 285
214 240
215 231
215 242
216 234
216 274
217 256
217 264
217 266
218 229
218 278
218 299
219 254
219 297
220 243
221 284
221 294
222 244
222 245
222 248
223 246
223 288
223 290
224 241
224 264
224 276
226 237
226 278
227 258
228 278
229 278
230 240
231 242
232 282
233 272
234 288
235 239
235 260
236 269
236 279
237 243
237 256
238 267
238 279
239 283
239 287
240 260
240 282
241 252
241 267
242 278
243 269
244 296
247 273
247 291
248 282
249 264
251 279
251 281
252 280
252 281
252 291
252 295
252 297
253 255
253 278
253 292
254 262
254 271
254 293
255 259
255 269
256 270
256 275
256 287
257 299
259 267
259 286
260 266
260 298
261 271
262 264
263 270
267 287
268 271
268 290
269 274
271 299
272 298
276 296
278 294
279 296
287 295
291 292
