100
0 14
0 30
0 36
0 47
0 69
0 98
1 71
2 44
2 57
2 64
2 68
2 96
3 45
3 48
3 59
3 92
3 97
4 70
5 31
5 58
5 77
6 30
6 60
6 73
6 83
7 78
7 87
8 12
8 55
8 60
8 70
9 19
9 28
9 29
9 46
9 60
9 81
9 88
10 18
10 31
10 39
10 48
10 49
10 56
10 57
10 88
11 24
11 84
11 95
11 96
12 17
12 35
12 83
13 21
13 23
13 26
13 75
13 94
14 24
14 27
14 47
14 55
15 40
15 47
15 56
15 76
17 18
17 21
17 86
18 36
18 41
18 51
18 61
18 70
18 78
18 84
18 85
18 92
19 41
19 90
20 25
20 26
20 34
21 32
21 48
21 76
22 27
22 92
23 34
23 38
23 67
23 74
24 40
24 65
24 69
25 33
25 46
25 48
25 58
25 67
26 27
26 47
26 48
26 54
26 62
26 89
27 36
27 46
27 76
27 86
27 96
28 82
29 90
30 41
30 53
31 53
31 75
31 76
31 78
32 60
32 66
32 94
32 97
33 36
33 66
33 83
34 50
34 99
35 43
36 59
36 65
36 78
37 91
38 41
38 47
38 48
38 51
38 70
38 88
38 99
39 95
40 64
41 45
41 81
41 94
43 72
44 58
45 47
45 54
45 80
46 51
46 81
46 82
46 83
47 78
47 85
47 87
48 63
48 71
48 94
49 76
49 78
50 55
51 62
51 89
52 79
54 76
55 79
55 84
55 87
56 94
59 61
59 83
60 81
62 93
64 72
65 81
65 85
65 91
66 69
66 81
67 96
69 87
70 72
70 77
71 77
72 95
73 76
76 89
77 90
78 83
81 93
82 89
84 97
87 94
87 96
88 93
96 98
