100
1 40
2 63
2 67
3 74
4 16
4 29
4 33
4 35
4 50
4 84
5 15
5 28
5 42
5 52
6 34
7 87
8 26
8 73
10 44
10 79
11 14
11 16
11 53
11 59
11 68
11 93
12 94
12 95
14 20
14 34
15 27
15 43
16 18
17 48
17 50
17 86
18 33
19 52
20 22
20 45
20 83
21 31
23 62
24 45
25 78
28 34
28 58
28 82
29 43
30 34
31 97
32 54
32 67
32 94
33 36
33 85
33 95
34 43
34 93
35 81
36 72
37 66
37 88
37 95
38 44
38 94
39 40
39 44
39 55
39 66
39 87
40 52
40 53
43 89
44 50
45 50
45 96
46 88
47 61
47 91
48 50
49 72
52 66
55 82
55 97
55 99
56 63
56 92
57 63
57 98
59 98
62 72
64 98
64 99
65 89
71 94
77 97
79 86
80 85
86 91
