100
0 9
0 23
0 37
0 55
0 63
0 80
0 81
0 89
1 11
1 14
1 28
1 32
1 50
2 54
2 75
2 83
3 16
3 27
3 28
3 44
3 47
3 59
3 82
3 89
4 78
4 80
4 87
4 99
5 8
5 10
5 42
6 9
6 12
6 20
6 36
6 47
6 79
6 85
6 89
6 99
7 21
7 27
7 98
8 17
8 35
8 42
8 59
8 60
8 72
8 74
8 81
9 14
9 20
9 23
9 54
9 61
9 64
9 69
9 94
10 13
10 15
10 28
10 37
10 67
10 69
10 77
10 78
10 82
10 90
11 12
11 15
11 17
11 36
11 59
11 75
11 84
11 89
11 98
12 38
12 42
12 47
12 49
12 52
12 89
13 15
13 16
13 18
13 23
13 24
13 39
13 40
13 45
13 46
13 48
13 51
13 61
13 66
13 84
13 88
14 44
14 59
14 82
14 84
14 91
15 21
15 33
15 36
15 59
15 63
15 82
15 85
15 87
16 19
16 26
16 77
17 25
17 42
17 46
17 54
17 72
17 78
17 80
18 22
18 40
18 55
18 59
18 61
18 78
19 20
19 46
19 60
19 65
19 66
19 67
19 88
20 24
20 27
20 37
20 72
20 88
20 90
21 47
21 54
21 68
21 93
22 24
22 50
22 89
23 34
23 38
23 44
23 58
23 62
23 67
23 73
23 79
24 27
24 35
24 51
24 65
24 66
24 68
24 71
24 98
25 38
25 42
25 45
25 63
25 73
25 85
25 91
25 95
26 46
26 76
27 31
27 46
27 85
27 87
27 89
27 91
27 93
27 98
28 29
28 31
28 38
28 48
28 50
28 59
28 90
29 48
29 52
29 56
29 62
29 65
29 68
29 84
29 89
29 92
29 98
30 81
30 89
30 98
31 52
31 54
31 60
31 66
31 78
31 91
31 92
32 36
32 39
32 45
32 63
32 71
33 36
33 40
33 48
33 59
33 69
33 76
33 79
33 83
34 53
34 57
34 59
34 83
35 52
35 69
35 77
36 60
36 66
36 91
37 42
37 47
37 53
37 56
37 69
37 71
37 83
37 91
38 53
38 66
38 82
38 90
38 97
39 42
39 63
39 68
39 96
39 99
40 49
40 67
40 72
41 66
41 75
41 79
41 82
41 84
41 90
42 44
42 66
42 81
42 90
43 50
43 56
43 58
43 73
43 94
43 97
44 54
44 84
45 46
45 47
45 58
45 75
45 87
45 93
46 59
46 77
46 78
46 79
46 86
46 92
47 57
47 58
47 90
47 94
48 98
49 66
49 98
50 62
51 62
52 69
52 80
53 57
53 79
53 87
53 94
54 55
54 71
55 84
56 59
56 62
56 91
57 65
57 66
57 71
57 91
57 96
58 62
58 98
59 76
59 81
60 67
60 78
60 86
61 66
61 76
61 88
61 91
61 99
62 72
62 75
62 76
62 80
62 93
63 86
63 89
63 94
64 71
64 78
64 88
64 89
65 93
66 67
66 71
66 95
67 75
67 89
67 94
67 97
68 79
68 89
69 72
69 82
69 88
69 96
70 72
71 77
71 81
71 90
71 96
72 91
72 92
72 93
72 95
73 88
74 81
75 79
75 91
75 93
76 96
76 99
77 88
77 99
78 90
80 88
82 84
84 89
84 95
85 93
85 97
87 88
87 97
88 99
90 93
91 99
93 95
95 96
96 99
