200
0 23
0 122
1 21
1 50
1 77
1 80
1 110
1 114
1 124
1 172
1 194
2 47
2 114
2 180
3 4
3 39
3 57
3 115
3 124
3 146
3 153
3 163
3 164
3 171
3 176
3 193
3 198
4 15
4 47
4 73
4 106
4 136
4 195
5 7
5 21
5 22
5 54
5 76
5 89
5 115
5 144
5 157
5 186
6 20
6 40
6 41
7 13
7 151
7 190
8 32
8 53
8 92
8 96
8 157
8 167
8 180
9 13
9 18
9 19
9 48
9 61
9 73
9 91
9 122
9 145
9 170
10 24
10 41
10 83
10 166
10 173
10 183
11 12
11 30
11 36
11 62
11 98
11 104
11 106
11 130
11 152
11 189
12 17
12 66
12 82
12 88
12 92
12 119
12 123
12 137
12 152
12 156
13 36
13 48
13 50
13 65
13 74
13 78
13 82
13 88
13 91
13 155
13 157
13 169
13 185
13 188
13 194
14 52
14 67
14 119
14 140
14 151
14 183
15 26
15 34
15 86
15 87
15 93
15 109
15 122
15 162
15 182
15 191
15 197
16 51
16 93
16 123
16 124
16 129
16 156
16 162
17 113
17 114
17 143
17 145
18 35
18 98
18 115
18 116
18 159
18 187
19 33
19 129
19 182
20 52
20 77
20 83
20 94
20 107
20 117
20 121
20 140
20 157
20 160
21 115
21 143
21 175
21 184
22 38
22 39
22 67
22 68
22 71
22 72
22 83
22 136
22 139
22 191
23 28
23 60
23 117
23 121
23 131
23 173
24 63
24 84
24 125
24 149
24 152
24 155
24 162
25 92
25 98
25 154
25 155
25 162
25 193
26 61
26 113
26 115
26 144
26 151
26 174
26 188
27 44
27 96
27 103
27 155
27 171
27 196
28 79
28 86
28 106
28 149
28 151
28 186
28 193
29 41
29 66
29 130
29 132
29 139
29 145
29 161
29 175
29 180
29 183
30 79
30 112
30 114
30 117
31 37
31 60
31 87
31 88
31 144
31 178
32 45
32 56
32 72
32 82
32 87
32 88
32 106
32 143
32 154
32 161
32 177
33 39
33 43
33 83
33 124
33 128
33 132
33 166
33 176
33 179
34 182
34 188
34 198
35 42
35 48
35 55
35 68
35 89
35 94
35 108
35 154
35 163
35 186
35 195
36 47
36 73
36 117
36 121
36 129
36 144
36 165
36 180
36 184
37 127
37 138
37 198
37 199
38 73
38 122
38 127
38 132
38 159
38 160
38 174
38 188
38 196
39 43
39 55
39 69
39 84
39 90
39 110
39 128
39 132
39 152
39 199
40 43
40 109
40 110
40 138
40 146
40 149
40 175
40 179
40 188
41 43
41 51
41 97
41 121
41 150
41 169
41 191
42 43
42 56
42 96
42 100
42 122
42 130
42 169
42 186
43 169
44 45
44 59
44 63
44 69
44 176
45 151
45 179
45 199
46 53
46 55
46 74
46 78
46 90
46 93
46 102
46 108
46 153
46 190
47 62
47 71
47 74
47 109
47 117
47 146
47 157
47 187
47 192
48 66
48 75
48 78
48 85
48 166
48 167
49 61
49 62
49 91
49 116
49 142
49 167
49 168
49 173
50 89
50 103
50 105
50 115
50 173
51 64
51 87
51 125
51 135
52 110
52 145
52 151
52 175
53 68
53 90
53 100
53 129
53 184
54 56
54 90
54 131
54 155
55 88
55 103
55 174
55 178
56 87
56 188
57 85
57 96
57 144
57 189
58 62
58 78
59 105
59 131
59 142
59 146
59 170
59 187
61 67
61 138
61 165
62 68
62 85
62 92
62 155
62 169
62 172
62 181
62 197
63 97
63 102
63 144
63 162
64 85
64 98
64 145
64 146
64 149
64 186
65 97
65 140
65 178
65 198
66 86
66 96
66 98
66 118
66 126
66 165
66 194
67 96
67 106
67 134
67 138
67 164
68 139
69 106
69 113
69 118
69 119
69 135
69 159
70 112
70 117
70 139
70 174
71 138
72 137
72 146
72 150
72 171
72 187
73 121
73 150
73 156
73 192
73 199
74 75
74 98
74 135
75 86
75 100
75 124
75 135
75 182
76 95
76 100
76 111
76 147
76 163
76 173
76 195
77 96
77 113
77 121
77 125
77 139
77 140
77 159
77 186
77 192
77 195
78 101
78 102
78 135
78 155
78 158
78 185
78 188
79 103
79 142
79 176
79 189
79 199
80 93
80 117
80 139
80 194
81 136
82 104
82 121
82 134
82 159
82 164
82 173
83 111
83 131
83 149
83 197
84 86
84 134
84 183
84 198
85 105
85 112
85 137
85 139
85 153
85 176
86 132
87 102
87 114
87 123
87 125
87 131
87 158
87 180
88 116
88 149
89 114
89 151
89 174
89 195
90 110
90 142
90 154
90 173
91 122
91 157
91 160
91 197
92 119
92 128
92 144
92 152
92 156
93 110
93 113
93 114
93 137
93 154
93 174
94 133
94 172
94 176
94 192
95 135
95 151
95 157
96 102
96 177
97 103
97 106
97 110
97 179
97 185
97 192
98 103
98 117
98 133
98 136
98 141
99 111
99 157
99 163
99 194
100 140
100 173
100 191
101 105
101 111
101 118
101 168
101 169
101 198
102 184
102 193
102 199
103 104
103 121
103 149
103 159
103 182
103 194
104 115
104 124
104 145
104 192
105 123
105 129
105 152
106 161
107 117
107 125
107 128
107 130
107 142
107 197
108 113
108 120
108 140
108 143
108 162
108 192
109 132
109 159
109 165
109 166
109 173
110 124
110 126
110 151
110 152
110 179
111 177
111 185
112 119
112 133
112 155
112 161
113 115
113 167
114 131
114 145
114 157
114 192
116 167
116 182
117 143
118 197
119 127
119 137
119 150
119 187
119 194
120 128
120 160
120 171
120 176
121 138
121 140
121 144
121 153
121 164
121 171
121 199
122 131
123 140
123 183
123 186
124 139
124 153
124 187
124 194
125 126
125 129
125 136
125 178
126 186
127 180
127 188
127 191
128 136
128 165
128 188
129 191
130 192
131 177
131 190
132 171
132 195
133 149
133 162
133 165
133 166
134 174
134 175
135 143
135 181
135 198
137 159
137 163
137 168
137 174
137 187
137 190
138 143
138 163
138 175
138 186
138 191
138 194
139 148
139 180
140 193
141 152
141 160
141 172
142 195
143 160
143 166
143 186
144 170
145 166
145 182
145 187
146 164
146 169
146 181
146 187
146 190
146 198
147 156
147 174
148 151
148 154
148 157
148 170
148 189
148 190
149 153
149 170
149 171
149 173
149 186
149 199
150 197
151 180
152 173
152 190
152 197
153 170
154 172
154 198
155 158
155 179
156 165
157 187
158 175
158 187
159 184
159 191
160 174
161 163
162 197
163 166
163 181
163 188
164 182
164 199
165 183
168 189
168 196
169 174
172 174
172 191
173 179
173 192
173 198
174 195
175 177
175 187
178 190
180 183
180 185
180 199
181 189
182 187
185 191
186 194
190 195
191 195
192 194
196 199
